,"(0, '')","(0, '1')","(0, '2')","(0, '3')","(0, '12')","(0, '13')","(0, '23')","(0, '123')","(1, '')","(1, '1')","(1, '2')","(1, '3')","(1, '12')","(1, '13')","(1, '23')","(1, '123')","(2, '')","(2, '1')","(2, '2')","(2, '3')","(2, '12')","(2, '13')","(2, '23')","(2, '123')",0,1,2,3
"(0, '')",0.014418125643666324,0.18331616889804325,0.04016477857878476,0.006179196704428424,0.0,0.0,0.0,0.0,0.7559217301750772,0.0,0.0,0.0,0.0,0.0,0.0,0.0,0.0,0.0,0.0,0.0,0.0,0.0,0.0,0.0,0.0,0.0,0.0,0.0
"(0, '1')",0.013215859030837005,0.0,0.06167400881057269,0.013215859030837005,0.1277533039647577,0.01762114537444934,0.030837004405286344,0.0,0.030837004405286344,0.42731277533039647,0.14537444933920704,0.0,0.0,0.0,0.0,0.0,0.13215859030837004,0.0,0.0,0.0,0.0,0.0,0.0,0.0,0.0,0.0,0.0,0.0
"(0, '2')",0.0,0.06779661016949153,0.03389830508474576,0.06779661016949153,0.03389830508474576,0.06779661016949153,0.0,0.0,0.03389830508474576,0.01694915254237288,0.423728813559322,0.2542372881355932,0.0,0.0,0.0,0.0,0.0,0.0,0.0,0.0,0.0,0.0,0.0,0.0,0.0,0.0,0.0,0.0
"(0, '3')",0.0,0.125,0.0,0.0,0.0,0.0,0.0,0.0,0.25,0.0,0.0,0.625,0.0,0.0,0.0,0.0,0.0,0.0,0.0,0.0,0.0,0.0,0.0,0.0,0.0,0.0,0.0,0.0
"(0, '12')",0.0,0.0,0.0,0.017543859649122806,0.017543859649122806,0.017543859649122806,0.08771929824561403,0.14035087719298245,0.0,0.0,0.0,0.0,0.21052631578947367,0.14035087719298245,0.24561403508771928,0.0,0.0,0.0,0.017543859649122806,0.10526315789473684,0.0,0.0,0.0,0.0,0.0,0.0,0.0,0.0
"(0, '13')",0.05,0.0,0.0,0.0,0.15,0.0,0.0,0.05,0.0,0.15,0.0,0.0,0.05,0.45,0.05,0.0,0.05,0.0,0.0,0.0,0.0,0.0,0.0,0.0,0.0,0.0,0.0,0.0
"(0, '23')",0.0,0.0,0.0,0.0,0.0,0.0,0.0,0.07692307692307693,0.0,0.0,0.0,0.23076923076923078,0.07692307692307693,0.07692307692307693,0.5384615384615384,0.0,0.0,0.0,0.0,0.0,0.0,0.0,0.0,0.0,0.0,0.0,0.0,0.0
"(0, '123')",0.0,0.0,0.058823529411764705,0.058823529411764705,0.0,0.058823529411764705,0.058823529411764705,0.0,0.0,0.0,0.0,0.0,0.058823529411764705,0.058823529411764705,0.058823529411764705,0.5294117647058824,0.0,0.0,0.0,0.0,0.0,0.0,0.058823529411764705,0.0,0.0,0.0,0.0,0.0
"(1, '')",0.0,0.0,0.0,0.0,0.0,0.0,0.0,0.0,0.012517385257301807,0.19471488178025034,0.043115438108484005,0.0013908205841446453,0.0,0.0,0.0,0.0,0.7482614742698191,0.0,0.0,0.0,0.0,0.0,0.0,0.0,0.0,0.0,0.0,0.0
"(1, '1')",0.0,0.0,0.0,0.0,0.0,0.0,0.0,0.0,0.008368200836820083,0.0,0.029288702928870293,0.02092050209205021,0.12552301255230125,0.029288702928870293,0.029288702928870293,0.0,0.04184100418410042,0.4225941422594142,0.07531380753138076,0.0,0.0,0.0,0.0,0.0,0.2175732217573222,0.0,0.0,0.0
"(1, '2')",0.0,0.0,0.0,0.0,0.0,0.0,0.0,0.0,0.0,0.011111111111111112,0.011111111111111112,0.044444444444444446,0.08888888888888889,0.05555555555555555,0.0,0.0,0.011111111111111112,0.022222222222222223,0.4111111111111111,0.3,0.0,0.0,0.0,0.0,0.044444444444444446,0.0,0.0,0.0
"(1, '3')",0.0,0.0,0.0,0.0,0.0,0.0,0.0,0.0,0.0,0.2857142857142857,0.14285714285714285,0.047619047619047616,0.0,0.023809523809523808,0.0,0.0,0.09523809523809523,0.023809523809523808,0.023809523809523808,0.35714285714285715,0.0,0.0,0.0,0.0,0.0,0.0,0.0,0.0
"(1, '12')",0.0,0.0,0.0,0.0,0.0,0.0,0.0,0.0,0.021505376344086023,0.0,0.0,0.0,0.053763440860215055,0.03225806451612903,0.021505376344086023,0.13978494623655913,0.0,0.0,0.010752688172043012,0.0,0.34408602150537637,0.10752688172043011,0.06451612903225806,0.0,0.20430107526881722,0.0,0.0,0.0
"(1, '13')",0.0,0.0,0.0,0.0,0.0,0.0,0.0,0.0,0.03571428571428571,0.0,0.0,0.0,0.17857142857142858,0.03571428571428571,0.07142857142857142,0.03571428571428571,0.0,0.21428571428571427,0.10714285714285714,0.0,0.03571428571428571,0.10714285714285714,0.03571428571428571,0.0,0.14285714285714285,0.0,0.0,0.0
"(1, '23')",0.0,0.0,0.0,0.0,0.0,0.0,0.0,0.0,0.0,0.03125,0.03125,0.03125,0.03125,0.09375,0.03125,0.125,0.0,0.0,0.09375,0.1875,0.0,0.0,0.28125,0.0,0.0625,0.0,0.0,0.0
"(1, '123')",0.0,0.0,0.0,0.0,0.0,0.0,0.0,0.0,0.0,0.0,0.0,0.037037037037037035,0.07407407407407407,0.0,0.07407407407407407,0.1111111111111111,0.0,0.0,0.0,0.0,0.0,0.07407407407407407,0.037037037037037035,0.37037037037037035,0.2222222222222222,0.0,0.0,0.0
"(2, '')",0.0,0.0,0.0,0.0,0.0,0.0,0.0,0.0,0.0,0.0,0.0,0.0,0.0,0.0,0.0,0.0,0.02867383512544803,0.1989247311827957,0.035842293906810034,0.008960573476702509,0.0,0.0,0.0,0.0,0.7275985663082437,0.0,0.0,0.0
"(2, '1')",0.0,0.0,0.0,0.0,0.0,0.0,0.0,0.0,0.0,0.0,0.0,0.0,0.0,0.0,0.0,0.0,0.0035714285714285713,0.0035714285714285713,0.08571428571428572,0.014285714285714285,0.125,0.03214285714285714,0.017857142857142856,0.0,0.7178571428571429,0.0,0.0,0.0
"(2, '2')",0.0,0.0,0.0,0.0,0.0,0.0,0.0,0.0,0.0,0.0,0.0,0.0,0.0,0.0,0.0,0.0,0.008064516129032258,0.04032258064516129,0.06451612903225806,0.06451612903225806,0.07258064516129033,0.056451612903225805,0.0,0.0,0.6935483870967742,0.0,0.0,0.0
"(2, '3')",0.0,0.0,0.0,0.0,0.0,0.0,0.0,0.0,0.0,0.0,0.0,0.0,0.0,0.0,0.0,0.0,0.0,0.1320754716981132,0.018867924528301886,0.03773584905660377,0.0,0.1509433962264151,0.0,0.0,0.660377358490566,0.0,0.0,0.0
"(2, '12')",0.0,0.0,0.0,0.0,0.0,0.0,0.0,0.0,0.0,0.0,0.0,0.0,0.0,0.0,0.0,0.0,0.008695652173913044,0.0,0.008695652173913044,0.008695652173913044,0.017391304347826087,0.05217391304347826,0.0782608695652174,0.06086956521739131,0.7652173913043478,0.0,0.0,0.0
"(2, '13')",0.0,0.0,0.0,0.0,0.0,0.0,0.0,0.0,0.0,0.0,0.0,0.0,0.0,0.0,0.0,0.0,0.0,0.0,0.017241379310344827,0.017241379310344827,0.034482758620689655,0.1206896551724138,0.08620689655172414,0.08620689655172414,0.6379310344827587,0.0,0.0,0.0
"(2, '23')",0.0,0.0,0.0,0.0,0.0,0.0,0.0,0.0,0.0,0.0,0.0,0.0,0.0,0.0,0.0,0.0,0.0,0.06666666666666667,0.0,0.044444444444444446,0.0,0.022222222222222223,0.0,0.13333333333333333,0.7333333333333333,0.0,0.0,0.0
"(2, '123')",0.0,0.0,0.0,0.0,0.0,0.0,0.0,0.0,0.0,0.0,0.0,0.0,0.0,0.0,0.0,0.0,0.0,0.0,0.0,0.0,0.043478260869565216,0.021739130434782608,0.06521739130434782,0.06521739130434782,0.8043478260869565,0.0,0.0,0.0
0,0.0,0.0,0.0,0.0,0.0,0.0,0.0,0.0,0.0,0.0,0.0,0.0,0.0,0.0,0.0,0.0,0.0,0.0,0.0,0.0,0.0,0.0,0.0,0.0,0.0,0.0,0.0,0.0
1,0.0,0.0,0.0,0.0,0.0,0.0,0.0,0.0,0.0,0.0,0.0,0.0,0.0,0.0,0.0,0.0,0.0,0.0,0.0,0.0,0.0,0.0,0.0,0.0,0.0,0.0,0.0,0.0
2,0.0,0.0,0.0,0.0,0.0,0.0,0.0,0.0,0.0,0.0,0.0,0.0,0.0,0.0,0.0,0.0,0.0,0.0,0.0,0.0,0.0,0.0,0.0,0.0,0.0,0.0,0.0,0.0
3,0.0,0.0,0.0,0.0,0.0,0.0,0.0,0.0,0.0,0.0,0.0,0.0,0.0,0.0,0.0,0.0,0.0,0.0,0.0,0.0,0.0,0.0,0.0,0.0,0.0,0.0,0.0,0.0
