,"(0, '')","(0, '1')","(0, '2')","(0, '3')","(0, '12')","(0, '13')","(0, '23')","(0, '123')","(1, '')","(1, '1')","(1, '2')","(1, '3')","(1, '12')","(1, '13')","(1, '23')","(1, '123')","(2, '')","(2, '1')","(2, '2')","(2, '3')","(2, '12')","(2, '13')","(2, '23')","(2, '123')",0,1,2,3
"(0, '')",0.042966874699951994,0.2305168827012322,0.051208193310929746,0.0037205952952472396,0.0,0.0,0.0,0.0,0.6715874539926389,0.0,0.0,0.0,0.0,0.0,0.0,0.0,0.0,0.0,0.0,0.0,0.0,0.0,0.0,0.0,0.0,0.0,0.0,0.0
"(0, '1')",0.035403926617315735,0.0008046346958480849,0.07611844222722884,0.005632442870936595,0.18683617637592534,0.03990988091406501,0.036691342130672676,0.0,0.020759575152880592,0.4225941422594142,0.054876086256839395,0.002574831026713872,0.0,0.0,0.0,0.0,0.11779851947215964,0.0,0.0,0.0,0.0,0.0,0.0,0.0,0.0,0.0,0.0,0.0
"(0, '2')",0.0350132625994695,0.05623342175066313,0.057294429708222815,0.03713527851458886,0.10822281167108753,0.09177718832891246,0.004774535809018567,0.0,0.009549071618037135,0.013262599469496022,0.3787798408488064,0.20159151193633953,0.0,0.0,0.0,0.0,0.00636604774535809,0.0,0.0,0.0,0.0,0.0,0.0,0.0,0.0,0.0,0.0,0.0
"(0, '3')",0.018315018315018316,0.13186813186813187,0.054945054945054944,0.007326007326007326,0.0,0.10256410256410256,0.0,0.0,0.21978021978021978,0.007326007326007326,0.003663003663003663,0.4432234432234432,0.0,0.0,0.0,0.0,0.01098901098901099,0.0,0.0,0.0,0.0,0.0,0.0,0.0,0.0,0.0,0.0,0.0
"(0, '12')",0.04080267558528428,0.0,0.014046822742474917,0.0033444816053511705,0.036120401337792644,0.0274247491638796,0.06889632107023412,0.16521739130434782,0.0006688963210702341,0.004013377926421404,0.006688963210702341,0.0013377926421404682,0.3391304347826087,0.11103678929765887,0.06956521739130435,0.0,0.0,0.008695652173913044,0.010033444816053512,0.09163879598662207,0.0,0.0,0.0,0.0,0.0013377926421404682,0.0,0.0,0.0
"(0, '13')",0.028622540250447227,0.0,0.03577817531305903,0.008944543828264758,0.15384615384615385,0.03220035778175313,0.07513416815742398,0.06082289803220036,0.0,0.13059033989266547,0.0518783542039356,0.01073345259391771,0.025044722719141325,0.2504472271914132,0.023255813953488372,0.0,0.09838998211091235,0.0017889087656529517,0.0017889087656529517,0.01073345259391771,0.0,0.0,0.0,0.0,0.0,0.0,0.0,0.0
"(0, '23')",0.04221635883905013,0.05013192612137203,0.029023746701846966,0.0316622691292876,0.0158311345646438,0.08443271767810026,0.002638522427440633,0.13984168865435356,0.0,0.005277044854881266,0.0633245382585752,0.14775725593667546,0.0079155672823219,0.005277044854881266,0.36675461741424803,0.0,0.0,0.0,0.002638522427440633,0.005277044854881266,0.0,0.0,0.0,0.0,0.0,0.0,0.0,0.0
"(0, '123')",0.03508771929824561,0.0,0.012531328320802004,0.0,0.045112781954887216,0.040100250626566414,0.042606516290726815,0.18546365914786966,0.0,0.005012531328320802,0.0,0.0,0.06015037593984962,0.10025062656641603,0.040100250626566414,0.3358395989974937,0.0,0.0,0.005012531328320802,0.07017543859649122,0.002506265664160401,0.002506265664160401,0.015037593984962405,0.0,0.002506265664160401,0.0,0.0,0.0
"(1, '')",0.0,0.0,0.0,0.0,0.0,0.0,0.0,0.0,0.03737510126924116,0.23397245476640563,0.05001350256548744,0.003780718336483932,0.0,0.0,0.0,0.0,0.6748582230623819,0.0,0.0,0.0,0.0,0.0,0.0,0.0,0.0,0.0,0.0,0.0
"(1, '1')",0.0,0.0,0.0,0.0,0.0,0.0,0.0,0.0,0.03256983979875546,0.0015887726731100226,0.07851184959618694,0.008473454256586787,0.18509201641731762,0.03826294187739971,0.032305044353237125,0.0,0.022110419700781148,0.4263206672845227,0.05229710048987157,0.0035747385144975505,0.0,0.0,0.0,0.0,0.11889315503773334,0.0,0.0,0.0
"(1, '2')",0.0,0.0,0.0,0.0,0.0,0.0,0.0,0.0,0.03283582089552239,0.059369817578772806,0.04543946932006634,0.04311774461028192,0.13897180762852404,0.05870646766169154,0.0006633499170812604,0.0,0.014925373134328358,0.008291873963515755,0.42122719734660036,0.17081260364842454,0.0,0.0,0.0,0.0,0.005638474295190713,0.0,0.0,0.0
"(1, '3')",0.0,0.0,0.0,0.0,0.0,0.0,0.0,0.0,0.04285714285714286,0.17523809523809525,0.04666666666666667,0.005714285714285714,0.0,0.15523809523809523,0.0,0.0,0.20857142857142857,0.015238095238095238,0.002857142857142857,0.34095238095238095,0.0,0.0,0.0,0.0,0.006666666666666667,0.0,0.0,0.0
"(1, '12')",0.0,0.0,0.0,0.0,0.0,0.0,0.0,0.0,0.03224610822831727,0.00037064492216456633,0.017420311341734617,0.007412898443291327,0.05300222386953299,0.03446997776130467,0.06856931060044477,0.15937731653076354,0.00037064492216456633,0.005189028910303929,0.004818383988139363,0.0025945144551519643,0.35952557449962935,0.08413639733135655,0.05114899925871016,0.0,0.11934766493699037,0.0,0.0,0.0
"(1, '13')",0.0,0.0,0.0,0.0,0.0,0.0,0.0,0.0,0.04467912266450041,0.0008123476848090983,0.025182778229082048,0.005686433793663688,0.12185215272136475,0.0463038180341186,0.08610885458976442,0.07717303005686434,0.0008123476848090983,0.15840779853777417,0.056051990251827784,0.016246953696181964,0.007311129163281885,0.21283509341998375,0.012997562956945572,0.0,0.12591389114541024,0.0016246953696181965,0.0,0.0
"(1, '23')",0.0,0.0,0.0,0.0,0.0,0.0,0.0,0.0,0.03415783274440518,0.0636042402826855,0.04004711425206125,0.011778563015312132,0.005889281507656066,0.0800942285041225,0.007067137809187279,0.1967020023557126,0.0035335689045936395,0.005889281507656066,0.07773851590106007,0.13191990577149587,0.012956419316843345,0.015312131919905771,0.29799764428739695,0.0,0.014134275618374558,0.001177856301531213,0.0,0.0
"(1, '123')",0.0,0.0,0.0,0.0,0.0,0.0,0.0,0.0,0.032355915065722954,0.0,0.014155712841253791,0.0010111223458038423,0.055611729019211326,0.0262891809908999,0.041456016177957536,0.1577350859453994,0.0010111223458038423,0.004044489383215369,0.0020222446916076846,0.0010111223458038423,0.08088978766430738,0.10414560161779575,0.04954499494438827,0.30535894843276035,0.12133468149646107,0.0020222446916076846,0.0,0.0
"(2, '')",0.0,0.0,0.0,0.0,0.0,0.0,0.0,0.0,0.0,0.0,0.0,0.0,0.0,0.0,0.0,0.0,0.03960860532135916,0.235775082099055,0.047583942095033846,0.0036860800214462836,0.0,0.0,0.0,0.0,0.6733462904631057,0.0,0.0,0.0
"(2, '1')",0.0,0.0,0.0,0.0,0.0,0.0,0.0,0.0,0.0,0.0,0.0,0.0,0.0,0.0,0.0,0.0,0.03274883960804539,0.0015471892728210418,0.10907684373388345,0.008122743682310469,0.1759927797833935,0.03958225889633832,0.01843733883445075,0.0,0.6144920061887571,0.0,0.0,0.0
"(2, '2')",0.0,0.0,0.0,0.0,0.0,0.0,0.0,0.0,0.0,0.0,0.0,0.0,0.0,0.0,0.0,0.0,0.02809834420471651,0.07802308078273959,0.05995985950827898,0.04666332162568992,0.1430005017561465,0.02985449071751129,0.0005017561465127947,0.0,0.6128951329653788,0.0010035122930255895,0.0,0.0
"(2, '3')",0.0,0.0,0.0,0.0,0.0,0.0,0.0,0.0,0.0,0.0,0.0,0.0,0.0,0.0,0.0,0.0,0.04939024390243903,0.13109756097560976,0.04451219512195122,0.00548780487804878,0.0,0.1597560975609756,0.0,0.0,0.6097560975609756,0.0,0.0,0.0
"(2, '12')",0.0,0.0,0.0,0.0,0.0,0.0,0.0,0.0,0.0,0.0,0.0,0.0,0.0,0.0,0.0,0.0,0.03477443609022556,0.0,0.023496240601503758,0.003132832080200501,0.045426065162907266,0.05545112781954887,0.05419799498746867,0.1149749373433584,0.6679197994987469,0.0006265664160401002,0.0,0.0
"(2, '13')",0.0,0.0,0.0,0.0,0.0,0.0,0.0,0.0,0.0,0.0,0.0,0.0,0.0,0.0,0.0,0.0,0.02680798004987531,0.0012468827930174563,0.03865336658354115,0.008104738154613466,0.08977556109725686,0.049251870324189526,0.09226932668329177,0.08603491271820449,0.6053615960099751,0.0018703241895261845,0.0006234413965087282,0.0
"(2, '23')",0.0,0.0,0.0,0.0,0.0,0.0,0.0,0.0,0.0,0.0,0.0,0.0,0.0,0.0,0.0,0.0,0.02620967741935484,0.06754032258064516,0.047379032258064516,0.015120967741935484,0.0,0.03326612903225806,0.0,0.18548387096774194,0.625,0.0,0.0,0.0
"(2, '123')",0.0,0.0,0.0,0.0,0.0,0.0,0.0,0.0,0.0,0.0,0.0,0.0,0.0,0.0,0.0,0.0,0.030330882352941176,0.0,0.01838235294117647,0.004595588235294118,0.058823529411764705,0.046875,0.051470588235294115,0.10294117647058823,0.6856617647058824,0.0,0.0009191176470588235,0.0
0,0.0,0.0,0.0,0.0,0.0,0.0,0.0,0.0,0.0,0.0,0.0,0.0,0.0,0.0,0.0,0.0,0.0,0.0,0.0,0.0,0.0,0.0,0.0,0.0,0.0,0.0,0.0,0.0
1,0.0,0.0,0.0,0.0,0.0,0.0,0.0,0.0,0.0,0.0,0.0,0.0,0.0,0.0,0.0,0.0,0.0,0.0,0.0,0.0,0.0,0.0,0.0,0.0,0.0,0.0,0.0,0.0
2,0.0,0.0,0.0,0.0,0.0,0.0,0.0,0.0,0.0,0.0,0.0,0.0,0.0,0.0,0.0,0.0,0.0,0.0,0.0,0.0,0.0,0.0,0.0,0.0,0.0,0.0,0.0,0.0
3,0.0,0.0,0.0,0.0,0.0,0.0,0.0,0.0,0.0,0.0,0.0,0.0,0.0,0.0,0.0,0.0,0.0,0.0,0.0,0.0,0.0,0.0,0.0,0.0,0.0,0.0,0.0,0.0
