,"(0, '')","(0, '1')","(0, '2')","(0, '3')","(0, '12')","(0, '13')","(0, '23')","(0, '123')","(1, '')","(1, '1')","(1, '2')","(1, '3')","(1, '12')","(1, '13')","(1, '23')","(1, '123')","(2, '')","(2, '1')","(2, '2')","(2, '3')","(2, '12')","(2, '13')","(2, '23')","(2, '123')",0,1,2,3
"(0, '')",0.019148572405539407,0.24628141562660283,0.04787143101384852,0.009146862711574628,0.0,0.0,0.0,0.0,0.6775517182424347,0.0,0.0,0.0,0.0,0.0,0.0,0.0,0.0,0.0,0.0,0.0,0.0,0.0,0.0,0.0,0.0,0.0,0.0,0.0
"(0, '1')",0.020573108008817047,0.0011021307861866275,0.08339456282145481,0.009919177075679648,0.17009551800146952,0.04224834680382072,0.030124908155767818,0.0,0.026083761939750184,0.4004408523144746,0.10947832476120499,0.0011021307861866275,0.0,0.0,0.0,0.0,0.10543717854518736,0.0,0.0,0.0,0.0,0.0,0.0,0.0,0.0,0.0,0.0,0.0
"(0, '2')",0.014201183431952662,0.03905325443786982,0.047337278106508875,0.03550295857988166,0.07810650887573964,0.11479289940828402,0.007100591715976331,0.0,0.005917159763313609,0.01301775147928994,0.3656804733727811,0.27218934911242604,0.0,0.0,0.0,0.0,0.007100591715976331,0.0,0.0,0.0,0.0,0.0,0.0,0.0,0.0,0.0,0.0,0.0
"(0, '3')",0.03007518796992481,0.13533834586466165,0.03007518796992481,0.022556390977443608,0.0,0.13533834586466165,0.0,0.0,0.22556390977443608,0.015037593984962405,0.0,0.40601503759398494,0.0,0.0,0.0,0.0,0.0,0.0,0.0,0.0,0.0,0.0,0.0,0.0,0.0,0.0,0.0,0.0
"(0, '12')",0.01107011070110701,0.0,0.0036900369003690036,0.0018450184501845018,0.03690036900369004,0.012915129151291513,0.06826568265682657,0.15498154981549817,0.0,0.007380073800738007,0.005535055350553505,0.0036900369003690036,0.3173431734317343,0.0996309963099631,0.17343173431734318,0.0,0.0,0.01107011070110701,0.00922509225092251,0.08302583025830258,0.0,0.0,0.0,0.0,0.0,0.0,0.0,0.0
"(0, '13')",0.016666666666666666,0.0,0.022222222222222223,0.03333333333333333,0.1111111111111111,0.022222222222222223,0.09444444444444444,0.08888888888888889,0.005555555555555556,0.13333333333333333,0.027777777777777776,0.011111111111111112,0.016666666666666666,0.2222222222222222,0.03888888888888889,0.0,0.12222222222222222,0.011111111111111112,0.005555555555555556,0.016666666666666666,0.0,0.0,0.0,0.0,0.0,0.0,0.0,0.0
"(0, '23')",0.022727272727272728,0.05303030303030303,0.015151515151515152,0.022727272727272728,0.0,0.08333333333333333,0.0,0.12878787878787878,0.007575757575757576,0.0,0.10606060606060606,0.16666666666666666,0.007575757575757576,0.007575757575757576,0.3712121212121212,0.0,0.007575757575757576,0.0,0.0,0.0,0.0,0.0,0.0,0.0,0.0,0.0,0.0,0.0
"(0, '123')",0.01098901098901099,0.0,0.016483516483516484,0.0,0.027472527472527472,0.027472527472527472,0.04395604395604396,0.14835164835164835,0.0,0.016483516483516484,0.0,0.0,0.08791208791208792,0.08241758241758242,0.03296703296703297,0.36813186813186816,0.0,0.0,0.005494505494505495,0.06593406593406594,0.016483516483516484,0.0,0.04945054945054945,0.0,0.0,0.0,0.0,0.0
"(1, '')",0.0,0.0,0.0,0.0,0.0,0.0,0.0,0.0,0.016502897455278408,0.23368606701940034,0.04308390022675737,0.006802721088435374,0.0,0.0,0.0,0.0,0.6999244142101285,0.0,0.0,0.0,0.0,0.0,0.0,0.0,0.0,0.0,0.0,0.0
"(1, '1')",0.0,0.0,0.0,0.0,0.0,0.0,0.0,0.0,0.01602229188436085,0.0013932427725531174,0.0741901776384535,0.01114594218042494,0.1856495994427029,0.04005572971090213,0.02821316614420063,0.0,0.025078369905956112,0.4280738418669453,0.06443747823058169,0.004876349703935911,0.0,0.0,0.0,0.0,0.12086381051898293,0.0,0.0,0.0
"(1, '2')",0.0,0.0,0.0,0.0,0.0,0.0,0.0,0.0,0.022435897435897436,0.05448717948717949,0.05448717948717949,0.047275641025641024,0.10336538461538461,0.07532051282051282,0.004807692307692308,0.0,0.011217948717948718,0.01201923076923077,0.4150641025641026,0.19471153846153846,0.0,0.0,0.0,0.0,0.004807692307692308,0.0,0.0,0.0
"(1, '3')",0.0,0.0,0.0,0.0,0.0,0.0,0.0,0.0,0.028720626631853787,0.17232375979112272,0.03655352480417755,0.007832898172323759,0.0,0.12532637075718014,0.0,0.0,0.22715404699738903,0.020887728459530026,0.007832898172323759,0.3629242819843342,0.0,0.0,0.0,0.0,0.010443864229765013,0.0,0.0,0.0
"(1, '12')",0.0,0.0,0.0,0.0,0.0,0.0,0.0,0.0,0.018036072144288578,0.0,0.01002004008016032,0.009018036072144289,0.04809619238476954,0.03006012024048096,0.07414829659318638,0.1683366733466934,0.0,0.008016032064128256,0.006012024048096192,0.003006012024048096,0.312625250501002,0.11723446893787576,0.07314629258517034,0.0,0.12224448897795591,0.0,0.0,0.0
"(1, '13')",0.0,0.0,0.0,0.0,0.0,0.0,0.0,0.0,0.009389671361502348,0.0,0.023474178403755867,0.018779342723004695,0.1267605633802817,0.03286384976525822,0.08215962441314555,0.06572769953051644,0.0,0.13145539906103287,0.07276995305164319,0.004694835680751174,0.01643192488262911,0.2535211267605634,0.03051643192488263,0.0,0.13145539906103287,0.0,0.0,0.0
"(1, '23')",0.0,0.0,0.0,0.0,0.0,0.0,0.0,0.0,0.01288659793814433,0.05412371134020619,0.04896907216494845,0.01804123711340206,0.005154639175257732,0.10051546391752578,0.002577319587628866,0.19329896907216496,0.005154639175257732,0.002577319587628866,0.12628865979381443,0.10309278350515463,0.010309278350515464,0.01804123711340206,0.2912371134020619,0.0,0.007731958762886598,0.0,0.0,0.0
"(1, '123')",0.0,0.0,0.0,0.0,0.0,0.0,0.0,0.0,0.013262599469496022,0.0,0.002652519893899204,0.01856763925729443,0.0636604774535809,0.026525198938992044,0.04774535809018567,0.1724137931034483,0.002652519893899204,0.0,0.0,0.0,0.07692307692307693,0.09018567639257294,0.04774535809018567,0.3183023872679045,0.11936339522546419,0.0,0.0,0.0
"(2, '')",0.0,0.0,0.0,0.0,0.0,0.0,0.0,0.0,0.0,0.0,0.0,0.0,0.0,0.0,0.0,0.0,0.020036429872495445,0.24391455538996523,0.04073522106308992,0.006126842192415963,0.0,0.0,0.0,0.0,0.6891869514820335,0.0,0.0,0.0
"(2, '1')",0.0,0.0,0.0,0.0,0.0,0.0,0.0,0.0,0.0,0.0,0.0,0.0,0.0,0.0,0.0,0.0,0.012345679012345678,0.001001001001001001,0.12345679012345678,0.012012012012012012,0.1608274941608275,0.037037037037037035,0.02335669002335669,0.0,0.6296296296296297,0.000333667000333667,0.0,0.0
"(2, '2')",0.0,0.0,0.0,0.0,0.0,0.0,0.0,0.0,0.0,0.0,0.0,0.0,0.0,0.0,0.0,0.0,0.015537600994406464,0.06463642013673089,0.054070851460534496,0.045369794903666875,0.14791796146674954,0.03853325046612803,0.0006215040397762585,0.0,0.6333126165320074,0.0,0.0,0.0
"(2, '3')",0.0,0.0,0.0,0.0,0.0,0.0,0.0,0.0,0.0,0.0,0.0,0.0,0.0,0.0,0.0,0.0,0.027993779160186624,0.14307931570762053,0.04043545878693624,0.007776049766718507,0.0,0.14618973561430793,0.0,0.0,0.6345256609642301,0.0,0.0,0.0
"(2, '12')",0.0,0.0,0.0,0.0,0.0,0.0,0.0,0.0,0.0,0.0,0.0,0.0,0.0,0.0,0.0,0.0,0.016012810248198558,0.0008006405124099279,0.018414731785428344,0.008807045636509208,0.049639711769415534,0.04723779023218575,0.07205764611689351,0.1200960768614892,0.6661329063250601,0.0008006405124099279,0.0,0.0
"(2, '13')",0.0,0.0,0.0,0.0,0.0,0.0,0.0,0.0,0.0,0.0,0.0,0.0,0.0,0.0,0.0,0.0,0.017713365539452495,0.0,0.030595813204508857,0.004830917874396135,0.08856682769726248,0.043478260869565216,0.15136876006441224,0.0644122383252818,0.5990338164251208,0.0,0.0,0.0
"(2, '23')",0.0,0.0,0.0,0.0,0.0,0.0,0.0,0.0,0.0,0.0,0.0,0.0,0.0,0.0,0.0,0.0,0.01303538175046555,0.055865921787709494,0.048417132216014895,0.024208566108007448,0.00186219739292365,0.0260707635009311,0.00186219739292365,0.15083798882681565,0.6778398510242085,0.0,0.0,0.0
"(2, '123')",0.0,0.0,0.0,0.0,0.0,0.0,0.0,0.0,0.0,0.0,0.0,0.0,0.0,0.0,0.0,0.0,0.016666666666666666,0.0,0.016666666666666666,0.016666666666666666,0.0375,0.03333333333333333,0.035416666666666666,0.11875,0.725,0.0,0.0,0.0
0,0.0,0.0,0.0,0.0,0.0,0.0,0.0,0.0,0.0,0.0,0.0,0.0,0.0,0.0,0.0,0.0,0.0,0.0,0.0,0.0,0.0,0.0,0.0,0.0,0.0,0.0,0.0,0.0
1,0.0,0.0,0.0,0.0,0.0,0.0,0.0,0.0,0.0,0.0,0.0,0.0,0.0,0.0,0.0,0.0,0.0,0.0,0.0,0.0,0.0,0.0,0.0,0.0,0.0,0.0,0.0,0.0
2,0.0,0.0,0.0,0.0,0.0,0.0,0.0,0.0,0.0,0.0,0.0,0.0,0.0,0.0,0.0,0.0,0.0,0.0,0.0,0.0,0.0,0.0,0.0,0.0,0.0,0.0,0.0,0.0
3,0.0,0.0,0.0,0.0,0.0,0.0,0.0,0.0,0.0,0.0,0.0,0.0,0.0,0.0,0.0,0.0,0.0,0.0,0.0,0.0,0.0,0.0,0.0,0.0,0.0,0.0,0.0,0.0
