,"(0, '')","(0, '1')","(0, '2')","(0, '3')","(0, '12')","(0, '13')","(0, '23')","(0, '123')","(1, '')","(1, '1')","(1, '2')","(1, '3')","(1, '12')","(1, '13')","(1, '23')","(1, '123')","(2, '')","(2, '1')","(2, '2')","(2, '3')","(2, '12')","(2, '13')","(2, '23')","(2, '123')",0,1,2,3
"(0, '')",0.04296731546088873,0.268453911127433,0.05618802791039295,0.00789570326845391,0.0,0.0,0.0,0.0,0.6244950422328315,0.0,0.0,0.0,0.0,0.0,0.0,0.0,0.0,0.0,0.0,0.0,0.0,0.0,0.0,0.0,0.0,0.0,0.0,0.0
"(0, '1')",0.02976190476190476,0.0008503401360544217,0.08673469387755102,0.011054421768707483,0.21768707482993196,0.04336734693877551,0.03741496598639456,0.0,0.02295918367346939,0.38010204081632654,0.06972789115646258,0.002551020408163265,0.0,0.0,0.0,0.0,0.0977891156462585,0.0,0.0,0.0,0.0,0.0,0.0,0.0,0.0,0.0,0.0,0.0
"(0, '2')",0.04827586206896552,0.05517241379310345,0.052873563218390804,0.041379310344827586,0.10574712643678161,0.052873563218390804,0.0,0.0,0.01839080459770115,0.016091954022988506,0.3448275862068966,0.2620689655172414,0.0,0.0,0.0,0.0,0.0022988505747126436,0.0,0.0,0.0,0.0,0.0,0.0,0.0,0.0,0.0,0.0,0.0
"(0, '3')",0.09210526315789473,0.17105263157894737,0.06578947368421052,0.0,0.0,0.10526315789473684,0.0,0.0,0.17105263157894737,0.0,0.0,0.39473684210526316,0.0,0.0,0.0,0.0,0.0,0.0,0.0,0.0,0.0,0.0,0.0,0.0,0.0,0.0,0.0,0.0
"(0, '12')",0.041916167664670656,0.0,0.008982035928143712,0.0,0.029940119760479042,0.05089820359281437,0.08083832335329341,0.20059880239520958,0.0,0.008982035928143712,0.0029940119760479044,0.0029940119760479044,0.3023952095808383,0.08682634730538923,0.08982035928143713,0.0,0.0,0.005988023952095809,0.011976047904191617,0.0688622754491018,0.0,0.0,0.0,0.0,0.005988023952095809,0.0,0.0,0.0
"(0, '13')",0.053691275167785234,0.0,0.013422818791946308,0.026845637583892617,0.12080536912751678,0.06040268456375839,0.09395973154362416,0.06711409395973154,0.0,0.21476510067114093,0.04697986577181208,0.013422818791946308,0.006711409395973154,0.18120805369127516,0.026845637583892617,0.0,0.06711409395973154,0.0,0.0,0.006711409395973154,0.0,0.0,0.0,0.0,0.0,0.0,0.0,0.0
"(0, '23')",0.04310344827586207,0.034482758620689655,0.0603448275862069,0.034482758620689655,0.0,0.08620689655172414,0.0,0.1810344827586207,0.0,0.0,0.10344827586206896,0.13793103448275862,0.008620689655172414,0.0,0.3103448275862069,0.0,0.0,0.0,0.0,0.0,0.0,0.0,0.0,0.0,0.0,0.0,0.0,0.0
"(0, '123')",0.02564102564102564,0.0,0.0,0.01282051282051282,0.038461538461538464,0.02564102564102564,0.038461538461538464,0.19230769230769232,0.0,0.02564102564102564,0.01282051282051282,0.0,0.08974358974358974,0.10256410256410256,0.05128205128205128,0.3076923076923077,0.0,0.0,0.0,0.038461538461538464,0.0,0.01282051282051282,0.01282051282051282,0.0,0.01282051282051282,0.0,0.0,0.0
"(1, '')",0.0,0.0,0.0,0.0,0.0,0.0,0.0,0.0,0.03392094017094017,0.27110042735042733,0.048344017094017096,0.008814102564102564,0.0,0.0,0.0,0.0,0.6378205128205128,0.0,0.0,0.0,0.0,0.0,0.0,0.0,0.0,0.0,0.0,0.0
"(1, '1')",0.0,0.0,0.0,0.0,0.0,0.0,0.0,0.0,0.034227039361095266,0.0005704506560182544,0.08784940102681119,0.02053622361665716,0.20707358813462637,0.03993154592127781,0.027952082144894468,0.0,0.03194523673702225,0.3907586993725043,0.04962920707358814,0.002852253280091272,0.0,0.0,0.0,0.0,0.10667427267541357,0.0,0.0,0.0
"(1, '2')",0.0,0.0,0.0,0.0,0.0,0.0,0.0,0.0,0.04227212681638045,0.06340819022457067,0.04227212681638045,0.06737120211360634,0.15323645970937913,0.0607661822985469,0.0066050198150594455,0.0,0.011889035667107,0.011889035667107,0.37912813738441214,0.15587846763540292,0.0,0.0,0.0,0.0,0.005284015852047556,0.0,0.0,0.0
"(1, '3')",0.0,0.0,0.0,0.0,0.0,0.0,0.0,0.0,0.02491103202846975,0.18149466192170818,0.042704626334519574,0.0071174377224199285,0.0,0.2099644128113879,0.0,0.0,0.19217081850533807,0.02491103202846975,0.0071174377224199285,0.302491103202847,0.0,0.0,0.0,0.0,0.0071174377224199285,0.0,0.0,0.0
"(1, '12')",0.0,0.0,0.0,0.0,0.0,0.0,0.0,0.0,0.03676470588235294,0.0,0.016544117647058824,0.012867647058823529,0.04779411764705882,0.04411764705882353,0.0661764705882353,0.16176470588235295,0.003676470588235294,0.007352941176470588,0.0055147058823529415,0.0055147058823529415,0.3382352941176471,0.0974264705882353,0.06433823529411764,0.0,0.0900735294117647,0.001838235294117647,0.0,0.0
"(1, '13')",0.0,0.0,0.0,0.0,0.0,0.0,0.0,0.0,0.03985507246376811,0.0,0.06521739130434782,0.014492753623188406,0.13768115942028986,0.021739130434782608,0.07608695652173914,0.08333333333333333,0.0036231884057971015,0.18840579710144928,0.06884057971014493,0.007246376811594203,0.0036231884057971015,0.18478260869565216,0.014492753623188406,0.0,0.09057971014492754,0.0,0.0,0.0
"(1, '23')",0.0,0.0,0.0,0.0,0.0,0.0,0.0,0.0,0.014705882352941176,0.029411764705882353,0.024509803921568627,0.024509803921568627,0.004901960784313725,0.07352941176470588,0.004901960784313725,0.3088235294117647,0.004901960784313725,0.0,0.09803921568627451,0.12254901960784313,0.004901960784313725,0.00980392156862745,0.25980392156862747,0.0,0.014705882352941176,0.0,0.0,0.0
"(1, '123')",0.0,0.0,0.0,0.0,0.0,0.0,0.0,0.0,0.02577319587628866,0.0,0.010309278350515464,0.015463917525773196,0.030927835051546393,0.015463917525773196,0.05670103092783505,0.17525773195876287,0.005154639175257732,0.0,0.0,0.0,0.07216494845360824,0.13402061855670103,0.04639175257731959,0.31958762886597936,0.09278350515463918,0.0,0.0,0.0
"(2, '')",0.0,0.0,0.0,0.0,0.0,0.0,0.0,0.0,0.0,0.0,0.0,0.0,0.0,0.0,0.0,0.0,0.03469750889679715,0.25029655990510086,0.0527876631079478,0.006524317912218268,0.0,0.0,0.0,0.0,0.655693950177936,0.0,0.0,0.0
"(2, '1')",0.0,0.0,0.0,0.0,0.0,0.0,0.0,0.0,0.0,0.0,0.0,0.0,0.0,0.0,0.0,0.0,0.03223593964334705,0.0054869684499314125,0.12825788751714678,0.012345679012345678,0.1906721536351166,0.04252400548696845,0.01783264746227709,0.0,0.5706447187928669,0.0,0.0,0.0
"(2, '2')",0.0,0.0,0.0,0.0,0.0,0.0,0.0,0.0,0.0,0.0,0.0,0.0,0.0,0.0,0.0,0.0,0.023310023310023312,0.0641025641025641,0.05011655011655012,0.04312354312354312,0.22377622377622378,0.015151515151515152,0.0,0.0,0.5804195804195804,0.0,0.0,0.0
"(2, '3')",0.0,0.0,0.0,0.0,0.0,0.0,0.0,0.0,0.0,0.0,0.0,0.0,0.0,0.0,0.0,0.0,0.03954802259887006,0.08757062146892655,0.03672316384180791,0.011299435028248588,0.0,0.2175141242937853,0.0,0.0,0.6073446327683616,0.0,0.0,0.0
"(2, '12')",0.0,0.0,0.0,0.0,0.0,0.0,0.0,0.0,0.0,0.0,0.0,0.0,0.0,0.0,0.0,0.0,0.029874213836477988,0.0015723270440251573,0.031446540880503145,0.006289308176100629,0.04559748427672956,0.05817610062893082,0.06446540880503145,0.1540880503144654,0.6069182389937107,0.0015723270440251573,0.0,0.0
"(2, '13')",0.0,0.0,0.0,0.0,0.0,0.0,0.0,0.0,0.0,0.0,0.0,0.0,0.0,0.0,0.0,0.0,0.024691358024691357,0.0030864197530864196,0.04938271604938271,0.006172839506172839,0.08024691358024691,0.04938271604938271,0.10802469135802469,0.13580246913580246,0.5432098765432098,0.0,0.0,0.0
"(2, '23')",0.0,0.0,0.0,0.0,0.0,0.0,0.0,0.0,0.0,0.0,0.0,0.0,0.0,0.0,0.0,0.0,0.021834061135371178,0.0611353711790393,0.048034934497816595,0.021834061135371178,0.0,0.03056768558951965,0.008733624454148471,0.21397379912663755,0.5895196506550219,0.0,0.004366812227074236,0.0
"(2, '123')",0.0,0.0,0.0,0.0,0.0,0.0,0.0,0.0,0.0,0.0,0.0,0.0,0.0,0.0,0.0,0.0,0.023474178403755867,0.0,0.018779342723004695,0.009389671361502348,0.056338028169014086,0.06103286384976526,0.06572769953051644,0.13615023474178403,0.6244131455399061,0.004694835680751174,0.0,0.0
0,0.0,0.0,0.0,0.0,0.0,0.0,0.0,0.0,0.0,0.0,0.0,0.0,0.0,0.0,0.0,0.0,0.0,0.0,0.0,0.0,0.0,0.0,0.0,0.0,0.0,0.0,0.0,0.0
1,0.0,0.0,0.0,0.0,0.0,0.0,0.0,0.0,0.0,0.0,0.0,0.0,0.0,0.0,0.0,0.0,0.0,0.0,0.0,0.0,0.0,0.0,0.0,0.0,0.0,0.0,0.0,0.0
2,0.0,0.0,0.0,0.0,0.0,0.0,0.0,0.0,0.0,0.0,0.0,0.0,0.0,0.0,0.0,0.0,0.0,0.0,0.0,0.0,0.0,0.0,0.0,0.0,0.0,0.0,0.0,0.0
3,0.0,0.0,0.0,0.0,0.0,0.0,0.0,0.0,0.0,0.0,0.0,0.0,0.0,0.0,0.0,0.0,0.0,0.0,0.0,0.0,0.0,0.0,0.0,0.0,0.0,0.0,0.0,0.0
